─
0
1668
1667
2667
3667
4667
5667
6667
7667
8667
9667
10667
11667
12667
13667
14667
15667
3669
2668
3668
4668
5668
6668
670
8668
9668
10668
11668
12668
13668
14668
15668
10671
1669
2669
667
4669
673
6669
7669
8669
9669
10669
11669
12669
13669
14669
15669
7668
1670
2670
3670
4670
5670
6670
7670
8670
9670
10670
11670
12670
13670
14670
15670
3680
1671
2671
3671
4671
5671
6671
7671
8671
9671
669
11671
12671
13671
14671
15671
3672
1672
2672
672
4672
5672
6672
7672
8672
675
10672
11672
12672
13672
14672
678
5669
1673
2673
3673
4673
5673
6673
7673
8673
9673
10673
11673
12673
13673
14673
15673
15675
1674
2674
3674
4674
5674
6674
7674
8674
9674
10674
11674
12674
13674
681
15674
677
1675
2675
3675
4675
5675
6675
680
8675
9675
10675
11675
668
13675
679
674
10677
1676
2676
3676
4676
5676
6676
7676
8676
9676
10676
11676
12676
13676
14676
15676
9672
1677
2677
3677
4677
5677
6677
7677
8677
9677
676
11677
12677
13677
14677
15677
15672
1678
2678
682
4678
5678
6678
7678
8678
9678
10678
11678
12678
13678
14678
15678
14675
1679
2679
3679
4679
5679
6679
7679
8679
9679
10679
11679
12679
13679
14679
15679
7675
1680
2680
671
4680
5680
6680
7680
8680
9680
10680
11680
12680
13680
14680
15680
14674
1681
2681
3681
4681
5681
6681
7681
8681
9681
10681
11681
12681
13681
14681
15681
12675
1682
2682
3682
4682
5682
6682
7682
8682
9682
10682
11682
─